4 36 -1 
4 37 -1 
4 38 -1 
4 39 -1 
4 40 -1 
4 61 -1 
4 62 -1 
4 63 -1 
4 64 -1 
4 65 -1 
5 36 -1 
5 37 -1 
5 38 -1 
5 39 -1 
5 40 -1 
5 61 -1 
5 62 -1 
5 63 -1 
5 64 -1 
5 65 -1 
6 26 -1 
6 27 -1 
6 28 -1 
6 29 -1 
6 30 -1 
7 27 -1 
7 28 -1 
7 29 -1 
7 30 -1 
8 26 -1 
8 27 -1 
8 28 -1 
8 29 -1 
8 30 -1 
9 21 -1 
9 22 -1 
9 23 -1 
9 24 -1 
9 25 -1 
9 26 -1 
9 27 -1 
9 28 -1 
9 29 -1 
9 30 -1 
9 76 -1 
9 77 -1 
9 78 -1 
9 79 -1 
10 21 -1 
10 22 -1 
10 23 -1 
10 24 -1 
10 25 -1 
10 26 -1 
10 27 -1 
10 28 -1 
10 29 -1 
10 30 -1 
10 76 -1 
10 77 -1 
10 78 -1 
10 79 -1 
10 80 -1 
11 21 -1 
11 22 -1 
11 23 -1 
11 24 -1 
11 25 -1 
12 21 -1 
12 22 -1 
12 23 -1 
12 24 -1 
12 25 -1 
13 21 -1 
13 22 -1 
13 23 -1 
13 24 -1 
13 25 -1 
14 16 -1 
14 17 -1 
14 18 -1 
14 19 -1 
14 20 -1 
14 21 -1 
14 22 -1 
14 23 -1 
14 24 -1 
14 25 -1 
14 81 -1 
14 82 -1 
14 83 -1 
14 84 -1 
14 85 -1 
15 16 -1 
15 17 -1 
15 18 -1 
15 19 -1 
15 20 -1 
15 21 -1 
15 22 -1 
15 23 -1 
15 24 -1 
15 25 -1 
15 81 -1 
15 82 -1 
15 83 -1 
15 84 -1 
15 85 -1 
16 14 -1 
16 15 -1 
16 51 -1 
16 52 -1 
16 53 -1 
16 54 -1 
16 55 -1 
16 56 -1 
16 57 -1 
16 58 -1 
16 59 -1 
16 60 -1 
16 61 -1 
16 62 -1 
16 63 -1 
16 64 -1 
16 65 -1 
16 66 -1 
16 67 -1 
16 68 -1 
16 69 -1 
16 70 -1 
16 86 -1 
16 87 -1 
17 14 -1 
17 15 -1 
17 51 -1 
17 52 -1 
17 53 -1 
17 54 -1 
17 55 -1 
17 56 -1 
17 57 -1 
17 58 -1 
17 59 -1 
17 60 -1 
17 61 -1 
17 62 -1 
17 63 -1 
17 64 -1 
17 65 -1 
17 66 -1 
17 67 -1 
17 68 -1 
17 69 -1 
17 70 -1 
17 86 -1 
17 87 -1 
18 14 -1 
18 15 -1 
18 51 -1 
18 52 -1 
18 53 -1 
18 54 -1 
18 55 -1 
18 56 -1 
18 57 -1 
18 58 -1 
18 59 -1 
18 60 -1 
18 61 -1 
18 62 -1 
18 63 -1 
18 64 -1 
18 65 -1 
18 86 -1 
18 87 -1 
19 14 -1 
19 15 -1 
19 51 -1 
19 52 -1 
19 53 -1 
19 54 -1 
19 55 -1 
19 56 -1 
19 57 -1 
19 58 -1 
19 59 -1 
19 60 -1 
19 61 -1 
19 62 -1 
19 63 -1 
19 64 -1 
19 65 -1 
19 66 -1 
19 67 -1 
19 68 -1 
19 69 -1 
19 70 -1 
19 86 -1 
19 87 -1 
20 14 -1 
20 15 -1 
20 51 -1 
20 52 -1 
20 53 -1 
20 54 -1 
20 55 -1 
20 56 -1 
20 57 -1 
20 58 -1 
20 59 -1 
20 60 -1 
20 61 -1 
20 62 -1 
20 63 -1 
20 64 -1 
20 65 -1 
20 66 -1 
20 67 -1 
20 68 -1 
20 69 -1 
20 70 -1 
20 86 -1 
20 87 -1 
21 10 -1 
21 51 -1 
21 52 -1 
21 53 -1 
21 54 -1 
21 55 -1 
21 56 -1 
21 57 -1 
21 58 -1 
21 59 -1 
21 60 -1 
21 61 -1 
21 62 -1 
21 63 -1 
21 64 -1 
21 65 -1 
22 9 -1 
22 10 -1 
22 51 -1 
22 52 -1 
22 53 -1 
22 54 -1 
22 55 -1 
22 56 -1 
22 57 -1 
22 58 -1 
22 59 -1 
22 60 -1 
22 61 -1 
22 62 -1 
22 63 -1 
22 64 -1 
22 65 -1 
23 9 -1 
23 10 -1 
23 51 -1 
23 52 -1 
23 53 -1 
23 54 -1 
23 55 -1 
23 56 -1 
23 57 -1 
23 58 -1 
23 59 -1 
23 60 -1 
23 61 -1 
23 62 -1 
23 63 -1 
23 64 -1 
23 65 -1 
23 66 -1 
23 67 -1 
23 68 -1 
23 69 -1 
23 70 -1 
24 9 -1 
24 10 -1 
24 51 -1 
24 52 -1 
24 53 -1 
24 54 -1 
24 55 -1 
24 56 -1 
24 57 -1 
24 58 -1 
24 59 -1 
24 60 -1 
24 61 -1 
24 62 -1 
24 63 -1 
24 64 -1 
24 65 -1 
24 66 -1 
24 67 -1 
24 68 -1 
24 69 -1 
24 70 -1 
25 9 -1 
25 10 -1 
25 51 -1 
25 52 -1 
25 53 -1 
25 54 -1 
25 55 -1 
25 56 -1 
25 57 -1 
25 58 -1 
25 59 -1 
25 60 -1 
25 61 -1 
25 62 -1 
25 63 -1 
25 64 -1 
25 65 -1 
25 66 -1 
25 67 -1 
25 68 -1 
25 69 -1 
25 70 -1 
26 7 -1 
26 8 -1 
26 9 -1 
26 10 -1 
26 71 -1 
26 72 -1 
26 73 -1 
26 74 -1 
26 75 -1 
27 6 -1 
27 7 -1 
27 8 -1 
27 9 -1 
27 10 -1 
27 71 -1 
27 72 -1 
28 6 -1 
28 7 -1 
28 8 -1 
28 9 -1 
28 10 -1 
28 71 -1 
28 72 -1 
28 73 -1 
28 74 -1 
28 75 -1 
29 6 -1 
29 7 -1 
29 8 -1 
29 9 -1 
29 10 -1 
29 71 -1 
29 72 -1 
29 73 -1 
29 74 -1 
29 75 -1 
30 6 -1 
30 7 -1 
30 8 -1 
30 9 -1 
30 10 -1 
30 71 -1 
30 72 -1 
30 73 -1 
30 74 -1 
30 75 -1 
31 46 -1 
31 47 -1 
31 48 -1 
31 49 -1 
31 50 -1 
32 46 -1 
32 47 -1 
32 48 -1 
32 49 -1 
32 50 -1 
33 46 -1 
33 47 -1 
33 48 -1 
33 49 -1 
33 50 -1 
34 46 -1 
36 36 -1 
36 37 -1 
36 38 -1 
36 39 -1 
36 40 -1 
36 61 -1 
36 62 -1 
36 63 -1 
36 64 -1 
36 65 -1 
37 36 -1 
37 37 -1 
37 38 -1 
37 39 -1 
37 62 -1 
37 63 -1 
37 64 -1 
37 65 -1 
38 36 -1 
38 37 -1 
38 38 -1 
38 63 -1 
38 64 -1 
38 65 -1 
39 36 -1 
39 37 -1 
39 64 -1 
39 65 -1 
40 36 -1 
40 65 -1 
41 36 -1 
51 1 -1 
51 3 -1 
51 4 -1 
51 5 -1 
51 31 -1 
51 32 -1 
51 33 -1 
51 69 -1 
51 70 -1 
52 1 -1 
52 2 -1 
52 3 -1 
52 4 -1 
52 5 -1 
52 31 -1 
52 32 -1 
52 33 -1 
52 69 -1 
52 70 -1 
53 1 -1 
53 2 -1 
53 3 -1 
53 4 -1 
53 5 -1 
53 31 -1 
53 32 -1 
53 33 -1 
53 68 -1 
53 69 -1 
53 70 -1 
54 1 -1 
54 2 -1 
54 3 -1 
54 4 -1 
54 5 -1 
54 31 -1 
54 32 -1 
54 33 -1 
54 68 -1 
54 69 -1 
54 70 -1 
55 1 -1 
55 2 -1 
55 3 -1 
55 4 -1 
55 5 -1 
55 31 -1 
55 32 -1 
55 33 -1 
55 34 -1 
55 68 -1 
55 69 -1 
55 70 -1 
60 36 -1 
61 4 -1 
61 5 -1 
61 36 -1 
61 65 -1 
61 96 -1 
61 97 -1 
62 4 -1 
62 5 -1 
62 36 -1 
62 37 -1 
62 64 -1 
62 65 -1 
62 96 -1 
62 97 -1 
63 4 -1 
63 5 -1 
63 36 -1 
63 37 -1 
63 38 -1 
63 64 -1 
63 65 -1 
63 96 -1 
63 97 -1 
64 4 -1 
64 5 -1 
64 36 -1 
64 37 -1 
64 38 -1 
64 39 -1 
64 63 -1 
64 64 -1 
64 65 -1 
64 96 -1 
64 97 -1 
65 4 -1 
65 5 -1 
65 36 -1 
65 37 -1 
65 38 -1 
65 39 -1 
65 40 -1 
65 61 -1 
65 62 -1 
65 63 -1 
65 64 -1 
65 65 -1 
65 96 -1 
65 97 -1 
66 91 -1 
66 92 -1 
66 93 -1 
66 94 -1 
66 95 -1 
67 91 -1 
67 92 -1 
67 93 -1 
67 94 -1 
67 95 -1 
68 46 -1 
68 47 -1 
68 48 -1 
68 49 -1 
68 53 -1 
68 54 -1 
68 55 -1 
68 91 -1 
68 92 -1 
68 93 -1 
68 94 -1 
68 95 -1 
69 46 -1 
69 47 -1 
69 48 -1 
69 49 -1 
69 50 -1 
69 51 -1 
69 52 -1 
69 53 -1 
69 54 -1 
69 55 -1 
69 91 -1 
69 92 -1 
69 93 -1 
69 94 -1 
69 95 -1 
70 46 -1 
70 47 -1 
70 48 -1 
70 49 -1 
70 50 -1 
70 51 -1 
70 52 -1 
70 53 -1 
70 54 -1 
70 55 -1 
70 91 -1 
70 92 -1 
70 93 -1 
70 94 -1 
70 95 -1 
71 6 -1 
71 7 -1 
71 8 -1 
71 9 -1 
71 10 -1 
71 91 -1 
71 92 -1 
71 93 -1 
71 94 -1 
71 95 -1 
72 6 -1 
72 7 -1 
72 8 -1 
72 9 -1 
72 10 -1 
72 91 -1 
72 92 -1 
72 93 -1 
72 94 -1 
72 95 -1 
73 6 -1 
73 7 -1 
73 8 -1 
73 9 -1 
73 10 -1 
73 91 -1 
73 92 -1 
73 93 -1 
73 94 -1 
73 95 -1 
74 6 -1 
74 7 -1 
74 8 -1 
74 9 -1 
74 10 -1 
74 91 -1 
74 92 -1 
74 93 -1 
74 94 -1 
74 95 -1 
75 6 -1 
75 7 -1 
75 8 -1 
75 9 -1 
75 10 -1 
75 91 -1 
75 92 -1 
75 93 -1 
75 94 -1 
76 9 -1 
76 10 -1 
76 11 -1 
76 12 -1 
76 13 -1 
76 14 -1 
76 15 -1 
76 91 -1 
76 92 -1 
77 9 -1 
77 10 -1 
77 11 -1 
77 12 -1 
77 13 -1 
77 14 -1 
77 15 -1 
77 91 -1 
77 92 -1 
78 9 -1 
78 10 -1 
78 11 -1 
78 12 -1 
78 13 -1 
78 14 -1 
78 15 -1 
78 91 -1 
78 92 -1 
79 9 -1 
79 10 -1 
79 11 -1 
79 12 -1 
79 13 -1 
79 14 -1 
79 15 -1 
79 91 -1 
79 92 -1 
80 9 -1 
80 10 -1 
80 11 -1 
80 12 -1 
80 13 -1 
80 14 -1 
80 15 -1 
80 91 -1 
81 14 -1 
81 15 -1 
81 86 -1 
81 87 -1 
82 14 -1 
82 15 -1 
82 86 -1 
82 87 -1 
83 14 -1 
83 15 -1 
83 86 -1 
83 87 -1 
84 14 -1 
84 15 -1 
84 86 -1 
84 87 -1 
85 14 -1 
85 15 -1 
85 86 -1 
86 16 -1 
86 17 -1 
86 18 -1 
86 19 -1 
86 20 -1 
86 21 -1 
86 22 -1 
86 23 -1 
86 24 -1 
86 25 -1 
86 81 -1 
86 82 -1 
86 83 -1 
86 84 -1 
86 85 -1 
87 17 -1 
87 18 -1 
87 19 -1 
87 20 -1 
87 21 -1 
87 22 -1 
87 23 -1 
87 24 -1 
87 25 -1 
87 81 -1 
87 82 -1 
87 83 -1 
87 84 -1 
87 85 -1 
88 21 -1 
88 22 -1 
88 23 -1 
88 24 -1 
88 25 -1 
89 21 -1 
89 22 -1 
89 23 -1 
89 24 -1 
89 25 -1 
90 21 -1 
90 22 -1 
90 23 -1 
90 24 -1 
90 25 -1 
91 21 -1 
91 22 -1 
91 23 -1 
91 24 -1 
91 25 -1 
91 26 -1 
91 27 -1 
91 28 -1 
91 29 -1 
91 30 -1 
91 66 -1 
91 67 -1 
91 68 -1 
91 69 -1 
91 70 -1 
91 71 -1 
91 72 -1 
91 73 -1 
91 74 -1 
91 75 -1 
91 76 -1 
91 77 -1 
91 78 -1 
91 79 -1 
91 80 -1 
92 22 -1 
92 23 -1 
92 24 -1 
92 25 -1 
92 26 -1 
92 27 -1 
92 28 -1 
92 29 -1 
92 30 -1 
92 66 -1 
92 67 -1 
92 68 -1 
92 69 -1 
92 70 -1 
92 71 -1 
92 72 -1 
92 73 -1 
92 74 -1 
92 75 -1 
92 76 -1 
92 77 -1 
92 78 -1 
92 79 -1 
93 26 -1 
93 27 -1 
93 28 -1 
93 29 -1 
93 30 -1 
93 66 -1 
93 67 -1 
93 68 -1 
93 69 -1 
93 70 -1 
93 71 -1 
93 72 -1 
93 73 -1 
93 74 -1 
93 75 -1 
94 27 -1 
94 28 -1 
94 29 -1 
94 30 -1 
94 66 -1 
94 67 -1 
94 68 -1 
94 69 -1 
94 70 -1 
94 71 -1 
94 72 -1 
94 73 -1 
94 74 -1 
95 27 -1 
95 28 -1 
95 29 -1 
95 30 -1 
95 66 -1 
95 67 -1 
95 68 -1 
95 69 -1 
95 70 -1 
95 71 -1 
95 72 -1 
95 73 -1 
95 74 -1 
96 36 -1 
96 37 -1 
96 38 -1 
96 39 -1 
96 40 -1 
96 41 -1 
96 42 -1 
96 43 -1 
96 44 -1 
96 45 -1 
96 56 -1 
96 57 -1 
96 58 -1 
96 59 -1 
96 60 -1 
96 61 -1 
96 62 -1 
96 63 -1 
96 64 -1 
96 65 -1 
97 36 -1 
97 37 -1 
97 38 -1 
97 39 -1 
97 40 -1 
97 41 -1 
97 42 -1 
97 43 -1 
97 44 -1 
97 45 -1 
97 56 -1 
97 57 -1 
97 58 -1 
97 59 -1 
97 60 -1 
97 61 -1 
97 62 -1 
97 63 -1 
97 64 -1 
97 65 -1 
98 41 -1 
98 42 -1 
98 43 -1 
98 44 -1 
98 45 -1 
98 56 -1 
98 57 -1 
98 58 -1 
98 59 -1 
98 60 -1 
99 41 -1 
99 42 -1 
99 43 -1 
99 44 -1 
99 45 -1 
99 54 -1 
99 57 -1 
99 58 -1 
99 59 -1 
99 60 -1 
100 41 -1 
100 42 -1 
100 43 -1 
100 44 -1 
100 45 -1 
100 56 -1 
100 57 -1 
100 58 -1 
100 59 -1 
100 60 -1 
4 37 1 
4 38 1 
4 39 1 
4 40 1 
4 61 1 
4 62 1 
4 63 1 
4 64 1 
4 65 1 
5 36 1 
5 37 1 
5 38 1 
5 39 1 
5 40 1 
5 61 1 
5 62 1 
5 63 1 
5 64 1 
5 65 1 
6 28 1 
6 29 1 
6 30 1 
6 71 1 
6 72 1 
6 74 1 
7 26 1 
7 27 1 
7 28 1 
7 29 1 
7 30 1 
7 71 1 
7 72 1 
7 73 1 
7 74 1 
7 75 1 
8 26 1 
8 27 1 
8 28 1 
8 29 1 
8 30 1 
8 71 1 
8 72 1 
8 73 1 
8 74 1 
8 75 1 
9 22 1 
9 23 1 
9 24 1 
9 25 1 
9 26 1 
9 27 1 
9 28 1 
9 29 1 
9 30 1 
9 71 1 
9 72 1 
9 73 1 
9 74 1 
9 75 1 
10 26 1 
10 27 1 
10 28 1 
10 29 1 
10 30 1 
10 73 1 
10 74 1 
10 75 1 
14 17 1 
14 18 1 
14 19 1 
14 20 1 
14 81 1 
14 82 1 
14 83 1 
14 84 1 
15 81 1 
15 82 1 
15 83 1 
15 84 1 
15 85 1 
16 81 1 
16 82 1 
16 83 1 
16 84 1 
16 85 1 
16 86 1 
16 87 1 
17 81 1 
17 82 1 
17 83 1 
17 84 1 
17 85 1 
17 86 1 
17 87 1 
18 81 1 
18 82 1 
18 83 1 
18 84 1 
18 85 1 
18 86 1 
18 87 1 
19 81 1 
19 82 1 
19 83 1 
19 84 1 
19 85 1 
19 86 1 
19 87 1 
20 81 1 
20 82 1 
20 83 1 
20 84 1 
20 85 1 
20 86 1 
20 87 1 
21 91 1 
22 91 1 
22 92 1 
23 91 1 
23 92 1 
24 91 1 
24 92 1 
25 91 1 
25 92 1 
26 7 1 
26 8 1 
26 9 1 
26 10 1 
26 91 1 
26 92 1 
26 93 1 
26 94 1 
27 6 1 
27 7 1 
27 8 1 
27 9 1 
27 10 1 
27 91 1 
27 92 1 
27 93 1 
27 94 1 
27 95 1 
28 6 1 
28 7 1 
28 8 1 
28 9 1 
28 10 1 
28 91 1 
28 92 1 
28 93 1 
28 94 1 
28 95 1 
29 6 1 
29 7 1 
29 8 1 
29 9 1 
29 10 1 
29 91 1 
29 92 1 
29 93 1 
29 94 1 
29 95 1 
30 6 1 
30 7 1 
30 8 1 
30 9 1 
30 10 1 
30 91 1 
30 92 1 
30 94 1 
30 95 1 
31 46 1 
31 47 1 
31 48 1 
31 49 1 
31 50 1 
31 51 1 
31 52 1 
31 53 1 
31 54 1 
31 55 1 
32 46 1 
32 47 1 
32 48 1 
32 49 1 
32 50 1 
32 51 1 
32 52 1 
32 53 1 
32 54 1 
32 55 1 
33 46 1 
33 47 1 
33 53 1 
33 54 1 
33 55 1 
36 36 1 
36 37 1 
36 38 1 
36 39 1 
36 40 1 
36 61 1 
36 62 1 
36 63 1 
36 64 1 
36 65 1 
36 96 1 
37 36 1 
37 37 1 
37 38 1 
37 39 1 
37 62 1 
37 63 1 
37 64 1 
37 65 1 
37 96 1 
37 97 1 
38 36 1 
38 37 1 
38 38 1 
38 63 1 
38 64 1 
38 65 1 
38 96 1 
38 97 1 
39 36 1 
39 37 1 
39 64 1 
39 65 1 
39 96 1 
39 97 1 
40 36 1 
40 65 1 
40 96 1 
40 97 1 
46 31 1 
46 32 1 
46 33 1 
46 68 1 
46 69 1 
46 70 1 
47 31 1 
47 32 1 
47 33 1 
47 68 1 
47 69 1 
47 70 1 
48 31 1 
48 32 1 
48 33 1 
48 68 1 
48 69 1 
48 70 1 
49 31 1 
49 32 1 
49 33 1 
49 69 1 
49 70 1 
50 31 1 
50 32 1 
50 33 1 
50 69 1 
50 70 1 
51 31 1 
51 32 1 
51 33 1 
51 69 1 
51 70 1 
51 96 1 
51 97 1 
51 98 1 
51 99 1 
51 100 1 
52 31 1 
52 32 1 
52 33 1 
52 69 1 
52 70 1 
52 96 1 
52 97 1 
52 98 1 
52 99 1 
52 100 1 
53 31 1 
53 32 1 
53 33 1 
53 68 1 
53 69 1 
53 70 1 
53 96 1 
53 97 1 
53 98 1 
53 99 1 
53 100 1 
54 31 1 
54 32 1 
54 33 1 
54 68 1 
54 69 1 
54 70 1 
54 96 1 
54 97 1 
54 98 1 
54 99 1 
54 100 1 
55 31 1 
55 32 1 
55 33 1 
55 34 1 
55 68 1 
55 69 1 
55 70 1 
55 96 1 
55 97 1 
55 98 1 
55 99 1 
55 100 1 
60 36 1 
61 4 1 
61 5 1 
61 36 1 
61 65 1 
61 96 1 
61 97 1 
62 4 1 
62 5 1 
62 36 1 
62 37 1 
62 64 1 
62 65 1 
62 96 1 
62 97 1 
63 4 1 
63 5 1 
63 36 1 
63 37 1 
63 38 1 
63 63 1 
63 64 1 
63 65 1 
63 96 1 
63 97 1 
64 4 1 
64 5 1 
64 36 1 
64 37 1 
64 38 1 
64 39 1 
64 62 1 
64 63 1 
64 64 1 
64 65 1 
64 96 1 
65 4 1 
65 5 1 
65 36 1 
65 37 1 
65 38 1 
65 39 1 
65 40 1 
65 61 1 
65 62 1 
65 63 1 
65 64 1 
65 65 1 
65 96 1 
66 91 1 
66 92 1 
66 93 1 
66 94 1 
66 95 1 
67 46 1 
67 91 1 
67 92 1 
67 93 1 
67 94 1 
67 95 1 
68 46 1 
68 47 1 
68 48 1 
68 49 1 
68 50 1 
68 51 1 
68 52 1 
68 53 1 
68 54 1 
68 55 1 
68 91 1 
68 92 1 
68 93 1 
68 94 1 
68 95 1 
69 46 1 
69 47 1 
69 48 1 
69 49 1 
69 50 1 
69 51 1 
69 52 1 
69 53 1 
69 54 1 
69 55 1 
69 91 1 
69 92 1 
69 93 1 
69 94 1 
69 95 1 
70 46 1 
70 47 1 
70 48 1 
70 49 1 
70 50 1 
70 51 1 
70 52 1 
70 53 1 
70 54 1 
70 55 1 
70 91 1 
70 92 1 
70 93 1 
70 94 1 
70 95 1 
71 6 1 
71 7 1 
71 8 1 
71 9 1 
71 10 1 
71 91 1 
71 92 1 
71 93 1 
71 94 1 
71 95 1 
72 6 1 
72 7 1 
72 8 1 
72 9 1 
72 10 1 
72 91 1 
72 92 1 
72 93 1 
72 94 1 
72 95 1 
73 7 1 
73 8 1 
73 9 1 
73 10 1 
73 91 1 
73 92 1 
73 93 1 
73 94 1 
73 95 1 
74 6 1 
74 7 1 
74 8 1 
74 9 1 
74 10 1 
74 91 1 
74 92 1 
74 93 1 
74 94 1 
74 95 1 
75 7 1 
75 8 1 
75 9 1 
75 10 1 
75 91 1 
75 92 1 
75 93 1 
75 94 1 
75 95 1 
76 9 1 
76 10 1 
76 91 1 
76 92 1 
77 9 1 
77 10 1 
77 91 1 
77 92 1 
78 9 1 
78 10 1 
78 91 1 
78 92 1 
79 9 1 
79 10 1 
79 91 1 
79 92 1 
80 10 1 
80 91 1 
81 14 1 
81 15 1 
81 16 1 
81 17 1 
81 18 1 
81 19 1 
81 20 1 
81 81 1 
81 82 1 
81 83 1 
81 84 1 
81 85 1 
81 86 1 
81 87 1 
82 14 1 
82 15 1 
82 16 1 
82 17 1 
82 18 1 
82 19 1 
82 20 1 
82 81 1 
82 82 1 
82 83 1 
82 84 1 
82 85 1 
82 86 1 
82 87 1 
83 14 1 
83 15 1 
83 16 1 
83 17 1 
83 18 1 
83 19 1 
83 20 1 
83 81 1 
83 82 1 
83 83 1 
83 84 1 
83 85 1 
83 86 1 
83 87 1 
84 14 1 
84 15 1 
84 16 1 
84 17 1 
84 18 1 
84 19 1 
84 20 1 
84 81 1 
84 82 1 
84 83 1 
84 84 1 
84 85 1 
84 86 1 
84 87 1 
85 14 1 
85 15 1 
85 16 1 
85 17 1 
85 18 1 
85 19 1 
85 20 1 
85 81 1 
85 82 1 
85 83 1 
85 84 1 
85 85 1 
85 86 1 
85 87 1 
86 81 1 
86 82 1 
86 83 1 
86 84 1 
86 85 1 
87 81 1 
87 82 1 
87 83 1 
87 84 1 
91 26 1 
91 27 1 
91 28 1 
91 29 1 
91 30 1 
91 32 1 
91 33 1 
91 34 1 
91 35 1 
91 66 1 
91 67 1 
91 68 1 
91 69 1 
91 70 1 
91 71 1 
91 72 1 
91 73 1 
91 74 1 
91 75 1 
92 26 1 
92 27 1 
92 28 1 
92 29 1 
92 30 1 
92 31 1 
92 32 1 
92 33 1 
92 34 1 
92 35 1 
92 68 1 
92 69 1 
92 70 1 
92 71 1 
92 72 1 
92 73 1 
92 74 1 
92 75 1 
93 26 1 
93 27 1 
93 28 1 
93 29 1 
93 30 1 
93 31 1 
93 32 1 
93 33 1 
93 34 1 
93 35 1 
93 66 1 
93 67 1 
93 68 1 
93 69 1 
93 70 1 
93 71 1 
93 72 1 
93 73 1 
93 74 1 
93 75 1 
94 26 1 
94 27 1 
94 28 1 
94 29 1 
94 30 1 
94 31 1 
94 32 1 
94 33 1 
94 34 1 
94 35 1 
94 66 1 
94 67 1 
94 68 1 
94 69 1 
94 70 1 
94 71 1 
94 72 1 
94 73 1 
94 74 1 
94 75 1 
95 28 1 
95 29 1 
95 30 1 
95 31 1 
95 32 1 
95 33 1 
95 34 1 
95 35 1 
95 66 1 
95 67 1 
95 68 1 
95 69 1 
95 70 1 
95 71 1 
95 72 1 
95 73 1 
95 74 1 
96 38 1
