1 0.00480365
2 0.0040155
3 0.00393103
4 0.00397678
5 0.00408274
6 0.00445059
7 0.00480351
8 0.00478856
9 0.00451166
10 0.00488884
11 0.00473805
12 0.00433899
13 0.0044261
14 0.00463762
15 0.00457602
16 0.00489055
17 0.00492733
18 0.00460034
19 0.00504573
20 0.00496545
21 0.00487833
22 0.00503167
23 0.00481444
24 0.00478102
25 0.00496812
26 0.0049009
27 0.00486267
28 0.00470549
29 0.00485762
30 0.00467856
31 0.00480772
32 0.00507802
33 0.00490454
34 0.00513913
35 0.00497808
36 0.00517048
37 0.00516998
38 0.0051385
39 0.00557952
40 0.00587326
41 0.00564539
42 0.00536694
43 0.00533608
44 0.00588372
45 0.00548201
46 0.00552564
47 0.00540657
48 0.00507765
49 0.00525103
50 0.00539545
51 0.00540359
52 0.00590778
53 0.00559148
54 0.00589544
55 0.00576401
56 0.00568239
57 0.00611321
58 0.00603015
59 0.00604824
60 0.00587608
61 0.0061889
62 0.00635032
63 0.00694852
64 0.00695395
65 0.00726495
66 0.00801555
67 0.00748724
68 0.00731111
69 0.00857006
70 0.00757396
71 0.00837833
72 0.00816152
73 0.00897918
74 0.00934053
75 0.0084456
76 0.00907767
77 0.00970266
78 0.00998469
79 0.0106416
80 0.0116338
81 0.0112471
82 0.0112015
83 0.011917
84 0.0124452
85 0.0189653
